<?xml version="1.0" encoding="UTF-8" standalone="no"?>
<!DOCTYPE svg PUBLIC "-//W3C//DTD SVG 20010904//EN"
              "http://www.w3.org/TR/2001/REC-SVG-20010904/DTD/svg10.dtd">

<svg xmlns="http://www.w3.org/2000/svg"
     width="11.6889in" height="8.26667in"
     viewBox="0 0 1052 744">
  <path id="leaves2"
        fill="none" stroke="black" stroke-width="1"
        d="M 550.13,414.60
           C 543.94,410.62 541.79,403.72 536.71,401.30
             531.63,398.88 523.42,404.49 523.42,404.49
             533.32,404.63 535.69,412.50 543.00,412.21
             535.95,413.32 532.99,407.29 523.15,404.98
             523.15,404.98 522.11,406.94 528.09,413.83
             534.08,420.71 541.70,413.72 550.13,414.60
             550.13,414.60 550.13,414.60 550.13,414.60 Z
           M 534.62,379.27
           C 527.84,382.14 520.93,380.02 516.07,382.85
             511.20,385.68 511.19,395.62 511.19,395.62
             516.90,387.53 524.74,390.01 528.62,383.82
             525.56,390.26 518.91,389.30 511.45,396.12
             511.45,396.12 512.48,398.09 521.54,397.03
             530.60,395.98 529.13,385.73 534.62,379.27
             534.62,379.27 534.62,379.27 534.62,379.27 Z" />
</svg>
