<?xml version="1.0" encoding="UTF-8" standalone="no"?>
<!DOCTYPE svg PUBLIC "-//W3C//DTD SVG 20010904//EN"
              "http://www.w3.org/TR/2001/REC-SVG-20010904/DTD/svg10.dtd">

<svg xmlns="http://www.w3.org/2000/svg"
     width="11.6889in" height="8.26667in"
     viewBox="0 0 1052 744">
  <path id="leaves3"
        fill="none" stroke="black" stroke-width="1"
        d="M 411.79,282.22
           C 416.01,285.08 420.99,284.57 423.92,287.15
             426.84,289.73 425.51,296.49 425.51,296.49
             422.72,290.22 417.06,290.85 415.25,286.12
             416.47,290.91 421.12,291.15 425.27,296.79
             425.27,296.79 424.30,297.99 418.29,296.06
             412.27,294.12 414.65,287.35 411.79,282.22
             411.79,282.22 411.79,282.22 411.79,282.22 Z
           M 437.22,288.55
           C 439.53,293.10 444.13,295.06 445.45,298.74
             446.76,302.41 442.32,307.68 442.32,307.68
             442.92,300.84 437.66,298.66 438.36,293.64
             437.11,298.42 441.06,300.88 441.97,307.83
             441.97,307.83 440.54,308.41 436.21,303.80
             431.89,299.20 437.24,294.43 437.22,288.55
             437.22,288.55 437.22,288.55 437.22,288.55 Z
           M 452.30,307.34
           C 453.06,312.38 456.81,315.70 456.90,319.60
             456.98,323.50 451.11,327.10 451.11,327.10
             453.83,320.80 449.53,317.07 451.78,312.53
             449.08,316.67 452.06,320.25 450.72,327.13
             450.72,327.13 449.18,327.23 446.53,321.49
             443.88,315.76 450.47,312.92 452.30,307.34
             452.30,307.34 452.30,307.34 452.30,307.34 Z" />
</svg>
