<?xml version="1.0" encoding="UTF-8" standalone="no"?>
<!DOCTYPE svg PUBLIC "-//W3C//DTD SVG 20010904//EN"
              "http://www.w3.org/TR/2001/REC-SVG-20010904/DTD/svg10.dtd">

<svg xmlns="http://www.w3.org/2000/svg"
     width="11.6889in" height="8.26667in"
     viewBox="0 0 1052 744">
  <path id="leaves1"
        fill="none" stroke="black" stroke-width="1"
        d="M 608.63,255.55
           C 606.19,260.78 608.47,265.95 605.99,269.73
             603.51,273.51 594.11,273.84 594.11,273.84
             601.54,269.25 598.88,263.39 604.57,260.24
             598.60,262.77 599.78,267.78 593.63,273.66
             593.63,273.66 591.73,272.94 592.37,266.04
             593.00,259.13 602.74,259.91 608.63,255.55
             608.63,255.55 608.63,255.55 608.63,255.55 Z
           M 632.20,254.16
           C 630.13,259.71 632.07,265.21 629.96,269.23
             627.84,273.25 619.83,273.59 619.83,273.59
             626.16,268.72 623.89,262.49 628.74,259.14
             623.66,261.84 624.66,267.16 619.42,273.41
             619.42,273.41 617.80,272.64 618.34,265.30
             618.88,257.97 627.18,258.80 632.20,254.16
             632.20,254.16 632.20,254.16 632.20,254.16 Z
           M 599.15,300.20
           C 596.89,294.31 599.01,288.47 596.70,284.21
             594.40,279.95 585.67,279.58 585.67,279.58
             592.56,284.75 590.09,291.36 595.39,294.91
             589.84,292.05 590.94,286.41 585.22,279.78
             585.22,279.78 583.46,280.59 584.05,288.38
             584.64,296.16 593.69,295.28 599.15,300.20
             599.15,300.20 599.15,300.20 599.15,300.20 Z
           M 623.10,296.27
           C 620.98,290.62 622.96,285.03 620.81,280.94
             618.66,276.85 610.50,276.50 610.50,276.50
             616.94,281.45 614.64,287.80 619.58,291.20
             614.40,288.46 615.42,283.04 610.09,276.69
             610.09,276.69 608.44,277.47 608.99,284.93
             609.54,292.40 617.99,291.55 623.09,296.27
             623.09,296.27 623.10,296.27 623.10,296.27 Z
           M 661.30,288.98
           C 655.12,285.01 652.97,278.11 647.88,275.69
             642.80,273.27 634.59,278.87 634.59,278.87
             644.49,279.01 646.86,286.89 654.17,286.60
             647.12,287.71 644.16,281.67 634.32,279.36
             634.32,279.36 633.28,281.33 639.26,288.21
             645.25,295.09 652.88,288.10 661.30,288.98
             661.30,288.98 661.30,288.98 661.30,288.98 Z" />
</svg>
