<?xml version="1.0" encoding="UTF-8" standalone="no"?>
<!DOCTYPE svg PUBLIC "-//W3C//DTD SVG 20010904//EN"
              "http://www.w3.org/TR/2001/REC-SVG-20010904/DTD/svg10.dtd">

<svg xmlns="http://www.w3.org/2000/svg"
     width="11.6889in" height="8.26667in"
     viewBox="0 0 1052 744">
  <path id="leaves5"
        fill="none" stroke="black" stroke-width="1"
        d="M 760.02,321.06
           C 757.27,326.95 759.84,332.78 757.05,337.04
             754.25,341.31 743.66,341.67 743.66,341.67
             752.02,336.51 749.03,329.89 755.45,326.35
             748.72,329.20 750.05,334.85 743.11,341.48
             743.11,341.48 740.97,340.66 741.69,332.88
             742.40,325.10 753.38,325.98 760.02,321.06
             760.02,321.06 760.02,321.06 760.02,321.06 Z
           M 748.88,369.60
           C 746.31,362.90 748.72,356.27 746.10,351.43
             743.48,346.58 733.55,346.16 733.55,346.16
             741.39,352.04 738.58,359.56 744.60,363.59
             738.30,360.34 739.54,353.92 733.04,346.39
             733.04,346.39 731.04,347.31 731.71,356.16
             732.38,365.01 742.67,364.01 748.88,369.60
             748.88,369.60 748.88,369.60 748.88,369.60 Z
           M 799.27,372.84
           C 792.02,364.47 791.85,353.59 785.53,347.94
             779.22,342.28 764.97,346.90 764.97,346.90
             779.22,351.30 779.31,363.68 789.98,366.37
             779.32,364.98 777.62,355.01 764.38,347.49
             764.38,347.49 762.04,349.89 767.77,362.37
             773.49,374.86 787.47,367.99 799.27,372.84
             799.27,372.84 799.27,372.84 799.27,372.84 Z" />
</svg>
