<?xml version="1.0" encoding="UTF-8" standalone="no"?>
<!DOCTYPE svg PUBLIC "-//W3C//DTD SVG 20010904//EN"
              "http://www.w3.org/TR/2001/REC-SVG-20010904/DTD/svg10.dtd">

<svg xmlns="http://www.w3.org/2000/svg"
     width="11.6889in" height="8.26667in"
     viewBox="0 0 1052 744">
  <path id="vine"
        fill="none" stroke="black" stroke-width="1"
        d="M 245.32,381.52
           C 247.61,368.36 252.91,357.96 261.03,350.38
             269.20,342.75 280.74,337.49 295.91,335.50
             311.89,333.67 323.45,337.17 333.14,343.31
             343.07,349.61 350.97,358.59 359.62,368.25
             368.09,377.71 377.05,387.52 388.64,394.07
             400.34,400.68 414.43,403.82 433.10,400.71
             460.21,396.30 479.42,384.20 494.73,369.28
             509.95,354.46 521.55,336.58 533.24,320.74
             545.00,304.81 557.07,290.56 573.52,282.38
             589.98,274.20 610.99,272.02 640.59,280.66
             611.18,271.59 589.93,273.18 572.91,281.11
             555.87,289.05 543.21,303.28 531.00,319.05
             518.70,334.91 507.09,351.98 491.82,366.20
             476.65,380.33 458.13,391.40 432.24,395.14
             414.70,397.61 402.18,394.16 392.15,387.98
             382.03,381.73 374.16,372.54 366.01,362.74
             358.02,353.13 349.52,342.58 338.51,335.03
             327.28,327.32 313.42,322.67 294.79,324.30
             277.79,325.53 263.28,330.57 251.88,339.75
             240.42,348.98 232.67,361.94 228.80,378.05
             228.80,378.05 245.32,381.52 245.32,381.52 Z
           M 487.82,373.05
           C 489.02,372.75 490.22,372.47 491.42,372.22
             504.13,359.93 520.33,351.25 537.64,347.54
             549.04,345.08 560.95,344.77 572.19,347.51
             583.44,350.25 593.99,356.16 601.50,364.87
             609.01,373.58 613.31,385.18 612.43,396.58
             612.01,402.29 610.33,407.91 607.43,412.84
             604.54,417.77 600.44,422.01 595.54,424.95
             590.92,427.74 585.57,429.36 580.20,429.37
             574.83,429.38 569.43,427.74 565.11,424.56
             561.01,421.53 557.92,417.14 556.20,412.27
             554.48,407.40 554.09,402.07 554.83,396.90
             556.34,386.57 562.21,377.23 569.54,369.59
             577.24,361.58 586.77,355.12 597.48,352.39
             608.19,349.67 620.15,350.97 629.26,357.17
             633.83,360.26 637.64,364.52 640.02,369.50
             642.39,374.49 643.32,380.19 642.44,385.66
             641.57,391.12 638.86,396.32 634.74,400.04
             630.63,403.76 625.10,405.96 619.52,405.88
             612.62,405.77 605.85,402.07 602.03,396.27
             605.79,402.11 612.54,405.92 619.52,406.10
             625.15,406.25 630.79,404.11 635.03,400.37
             639.28,396.63 642.11,391.36 643.08,385.76
             644.05,380.17 643.18,374.30 640.80,369.13
             638.42,363.97 634.55,359.52 629.88,356.28
             620.50,349.81 608.19,348.40 597.16,351.13
             586.13,353.86 576.34,360.42 568.45,368.53
             560.94,376.25 554.76,385.85 553.11,396.64
             552.27,402.04 552.59,407.68 554.35,412.91
             556.12,418.13 559.37,422.92 563.81,426.29
             568.49,429.83 574.34,431.68 580.19,431.75
             586.03,431.81 591.84,430.13 596.87,427.19
             602.19,424.08 606.67,419.57 609.86,414.28
             613.04,409.00 614.93,402.96 615.46,396.82
             616.48,384.53 611.93,372.10 603.97,362.75
             596.01,353.41 584.86,347.10 573.03,344.14
             561.20,341.18 548.73,341.45 536.88,343.93
             518.88,347.72 502.00,356.67 488.72,369.41
             488.39,370.63 488.09,371.84 487.82,373.05
             487.82,373.05 487.82,373.05 487.82,373.05 Z
           M 562.13,289.10
           C 567.83,285.69 572.49,280.56 575.33,274.55
             577.10,270.80 578.19,266.67 578.14,262.48
             578.09,258.30 576.88,254.08 574.39,250.68
             571.91,247.28 568.12,244.78 563.94,244.14
             561.85,243.83 559.68,243.98 557.66,244.62
             555.65,245.27 553.79,246.41 552.33,247.94
             550.95,249.38 549.92,251.19 549.48,253.14
             549.04,255.10 549.19,257.20 550.00,259.04
             550.77,260.79 552.11,262.26 553.72,263.26
             555.32,264.27 557.17,264.82 559.04,264.97
             562.77,265.28 566.46,263.98 569.62,262.09
             572.94,260.10 575.91,257.36 577.69,253.91
             579.48,250.45 579.98,246.24 578.57,242.60
             577.86,240.78 576.69,239.14 575.16,237.94
             573.63,236.73 571.74,235.98 569.80,235.86
             567.86,235.74 565.88,236.27 564.30,237.38
             562.72,238.50 561.56,240.21 561.16,242.10
             560.67,244.43 561.40,246.98 563.05,248.70
             561.42,246.96 560.73,244.42 561.24,242.11
             561.66,240.25 562.83,238.59 564.39,237.51
             565.96,236.44 567.90,235.95 569.78,236.10
             571.67,236.24 573.49,237.00 574.96,238.19
             576.43,239.37 577.54,240.98 578.20,242.74
             579.54,246.26 579.02,250.34 577.27,253.68
             575.51,257.03 572.61,259.69 569.34,261.61
             566.21,263.44 562.64,264.65 559.09,264.33
             557.32,264.17 555.58,263.62 554.10,262.66
             552.62,261.70 551.41,260.33 550.73,258.73
             550.02,257.04 549.91,255.12 550.34,253.34
             550.76,251.56 551.73,249.92 553.01,248.60
             554.38,247.21 556.11,246.18 557.98,245.62
             559.84,245.05 561.84,244.93 563.77,245.24
             567.62,245.86 571.13,248.20 573.42,251.38
             575.72,254.57 576.84,258.54 576.86,262.49
             576.88,266.45 575.83,270.38 574.11,273.97
             571.35,279.72 566.87,284.62 561.39,287.87
             561.39,287.87 562.13,289.10 562.13,289.10 Z
           M 223.47,376.51
           C 229.61,346.85 255.15,321.20 285.87,318.42
             316.94,313.95 348.12,325.89 372.83,344.20
             385.17,352.69 396.91,363.27 412.83,361.21
             427.81,358.67 439.44,342.55 434.94,327.24
             431.07,314.09 419.00,305.37 404.38,308.40
             390.91,313.17 393.10,326.53 393.10,326.49
             396.34,339.46 411.44,337.51 414.48,326.24
             418.42,349.30 383.75,342.90 385.96,321.17
             388.31,302.77 402.17,296.81 419.39,299.07
             446.93,303.01 454.86,340.03 440.19,357.72
             428.97,372.06 404.67,370.88 387.83,361.12
             366.19,348.52 346.35,329.09 321.07,324.22
             294.89,317.96 264.13,321.91 244.66,341.93
             235.13,351.71 228.70,364.02 223.47,376.51
             223.47,376.51 223.47,376.51 223.47,376.51 Z
           M 371.53,375.70
           C 371.53,375.70 369.29,377.78 369.29,377.78
             386.69,396.17 403.32,405.36 419.00,409.20
             434.65,413.02 449.14,411.48 462.29,408.68
             475.58,405.85 487.28,401.82 498.09,400.31
             508.72,398.82 518.34,399.82 526.80,407.40
             518.64,399.40 508.96,397.77 497.91,398.79
             487.03,399.80 474.66,403.43 461.71,405.67
             448.64,407.94 434.77,408.85 420.17,404.78
             405.61,400.71 390.12,391.62 373.77,373.62
             373.77,373.62 371.53,375.70 371.53,375.70
             371.53,375.70 371.53,375.70 371.53,375.70 Z
           M 508.28,358.47
           C 547.27,330.01 582.69,329.29 613.80,332.76
             629.24,334.48 643.80,337.27 656.68,338.01
             669.70,338.76 681.19,337.44 690.96,331.09
             680.98,336.98 669.56,337.73 656.81,336.50
             643.92,335.26 629.90,332.03 614.18,329.76
             582.99,325.26 545.95,324.77 504.78,353.56
             504.78,353.56 508.28,358.47 508.28,358.47 Z
           M 282.79,343.88
           C 302.31,335.92 327.02,340.74 340.53,357.41
             355.16,373.64 360.35,396.28 359.35,417.65
             359.24,428.08 357.67,438.97 365.04,447.36
             372.31,455.04 386.12,455.51 393.23,446.97
             399.32,439.64 399.68,429.28 392.26,422.01
             384.29,416.08 377.42,422.52 377.44,422.51
             371.20,429.40 378.18,437.37 385.87,434.77
             374.08,445.98 364.33,423.46 377.74,416.31
             389.28,410.54 398.10,416.24 403.47,427.07
             411.87,444.51 393.56,463.44 377.65,461.82
             365.03,460.90 356.29,446.40 355.40,432.89
             354.28,415.50 357.82,396.50 350.83,380.00
             344.29,362.45 330.09,346.20 310.98,342.72
             301.64,341.00 292.04,342.05 282.79,343.88
             282.79,343.88 282.79,343.88 282.79,343.88 Z
           M 383.12,384.29
           C 393.72,394.27 410.84,397.32 423.69,389.93
             437.15,383.12 446.13,369.82 450.80,355.80
             453.32,349.05 455.02,341.65 461.85,338.07
             468.44,334.93 477.47,338.07 479.92,345.34
             482.02,351.57 479.68,358.34 473.09,361.18
             466.48,363.02 463.65,357.16 463.67,357.17
             461.36,351.17 467.84,347.78 472.15,351.37
             467.33,341.21 455.46,353.29 462.32,361.24
             468.32,367.83 475.42,366.35 481.57,360.71
             491.32,351.56 484.23,334.80 473.58,331.89
             465.21,329.34 455.98,336.51 452.04,345.00
             447.00,355.93 444.55,369.05 435.94,377.94
             427.37,387.62 414.18,394.56 400.99,392.05
             394.55,390.83 388.62,387.76 383.12,384.29
             383.12,384.29 383.12,384.29 383.12,384.29 Z
           M 618.88,331.95
           C 628.95,332.79 636.19,332.73 641.75,323.80
             645.60,317.78 649.20,304.37 653.87,301.60
             657.11,299.95 661.64,301.39 662.96,304.98
             664.09,308.06 663.01,311.46 659.77,312.96
             656.50,313.97 655.01,311.08 655.02,311.09
             653.79,308.13 656.98,306.36 659.17,308.09
             656.64,303.09 650.88,309.27 654.40,313.13
             657.48,316.34 660.99,315.51 663.98,312.62
             668.72,307.94 665.40,298.99 660.06,297.68
             655.86,296.52 650.50,298.40 647.79,305.09
             637.63,327.96 638.37,332.28 617.24,330.28
             617.24,330.28 618.88,331.95 618.88,331.95 Z
           M 611.97,331.89
           C 646.10,352.29 676.51,352.00 702.38,348.82
             728.25,345.65 749.73,339.56 766.39,348.09
             749.80,339.16 728.10,344.88 702.25,347.66
             676.40,350.44 646.53,350.27 613.18,329.89
             613.18,329.89 611.97,331.89 611.97,331.89 Z" />
</svg>
